50 out of 50 defects broken in bulk
31 70 1 : 0.824 2.432 0.5
17 84 1 : 0.872 2.288 0.5
37 49 0 : 0.848 2.624 0.5
12 7 1 : 0.746 2.192 0.5
27 62 0 : 0.806 2.048 0.5
14 99 0 : 0.86 1.424 0.5
37 33 1 : 0.902 1.472 0.5
22 47 1 : 0.77 1.712 0.5
34 26 1 : 0.722 1.712 0.5
17 37 1 : 0.836 2 0.5
21 6 0 : 0.782 2.048 0.5
3 6 0 : 0.752 2.432 0.5
19 68 0 : 0.836 1.856 0.5
13 47 0 : 0.752 2.048 0.5
18 57 0 : 0.818 2.144 0.5
33 41 0 : 0.854 2.288 0.5
17 40 1 : 0.818 2.432 0.5
13 52 0 : 0.788 1.856 0.5
30 69 0 : 0.758 2.048 0.5
17 36 0 : 0.818 1.568 0.5
38 83 0 : 0.824 1.568 0.5
23 15 0 : 0.764 2.048 0.5
4 35 1 : 0.848 2.24 0.5
12 60 1 : 0.8 1.712 0.5
21 98 0 : 0.8 1.76 0.5
39 27 0 : 0.806 1.76 0.5
37 15 0 : 0.758 2.192 0.5
32 0 0 : 0.824 2.144 0.5
18 40 1 : 0.914 1.52 0.5
18 42 1 : 0.836 2.288 0.5
20 72 0 : 0.8 1.856 0.5
0 39 1 : 0.812 1.76 0.5
34 2 0 : 0.884 1.904 0.5
5 66 0 : 0.83 2.624 0.5
38 66 1 : 0.77 1.424 0.5
2 7 1 : 0.74 2.048 0.5
2 91 0 : 0.824 2.528 0.5
8 54 0 : 0.74 2.624 0.5
14 45 0 : 0.842 2.384 0.5
37 81 1 : 0.788 1.952 0.5
29 65 1 : 0.812 2.048 0.5
27 94 0 : 0.764 0.992 0.5
10 13 0 : 0.848 1.76 0.5
16 33 0 : 0.8 2.336 0.5
38 29 1 : 0.896 2 0.5
4 44 1 : 0.8 2.192 0.5
21 11 1 : 0.758 2.528 0.5
7 31 1 : 0.884 1.664 0.5
13 63 0 : 0.782 1.904 0.5
19 98 1 : 0.746 1.136 0.5

